x1,y1
1.1836,1
1,1.0484
