x1,y1
1.856,1
1,1.2234
