x1,y1
30.612,1
31,1.2854
