x1,y1
30.552,1
31,1.2596
